   3.42159995E+10   6371000.00    
   3.42159995E+10   6365917.00    
   3.42159995E+10   6356281.00    
   4.58780017E+10   6346645.50    
   8.59472691E+10   6341562.50    
   8.59472691E+10   6341562.50    
   8.58747126E+10   6336479.50    
   8.57373573E+10   6326844.00    
   8.56000922E+10   6317208.00    
   8.55276749E+10   6312125.00    
   8.55276749E+10   6312125.00    
   8.54553805E+10   6307042.00    
   8.53183857E+10   6297406.00    
   8.51815547E+10   6287770.50    
   8.51094815E+10   6282687.50    
   8.51094815E+10   6282687.50    
   8.50373837E+10   6277604.50    
   8.49008394E+10   6267969.00    
   8.47644099E+10   6258333.00    
   8.46925005E+10   6253250.00    
   8.46925005E+10   6253250.00    
   8.46206484E+10   6248167.00    
   8.44845384E+10   6238531.00    
   8.43485184E+10   6228895.50    
   8.42768712E+10   6223812.50    
   8.42768712E+10   6223812.50    
   8.42051666E+10   6218729.50    
   8.40694907E+10   6209094.00    
   8.39338967E+10   6199458.00    
   8.38624297E+10   6194375.00    
   8.38624297E+10   6194375.00    
   8.37909791E+10   6189292.00    
   8.36557046E+10   6179656.00    
   8.35205530E+10   6170020.50    
   8.34493317E+10   6164937.50    
   8.34493317E+10   6164937.50    
   8.33781105E+10   6159854.50    
   1.03566713E+11   6150219.00    
   1.04402182E+11   6140583.00    
   1.04844460E+11   6135500.00    
   1.04844460E+11   6135500.00    
   1.05287852E+11   6130417.00    
   1.06131497E+11   6120781.00    
   1.06978984E+11   6111145.50    
   1.07427652E+11   6106062.50    
   1.07427652E+11   6106062.50    
   1.07877458E+11   6100979.50    
   1.08733178E+11   6091344.00    
   1.09592879E+11   6081708.00    
   1.10048068E+11   6076625.00    
   1.10048068E+11   6076625.00    
   1.10504264E+11   6071542.00    
   1.11372288E+11   6061906.00    
   1.12244212E+11   6052270.50    
   1.12705888E+11   6047187.50    
   1.12705888E+11   6047187.50    
   1.13168589E+11   6042104.50    
   1.14048844E+11   6032469.00    
   1.14933244E+11   6022833.00    
   1.15401417E+11   6017750.00    
   1.15401417E+11   6017750.00    
   1.15870720E+11   6012667.00    
   1.16763410E+11   6003031.00    
   1.17660254E+11   5993395.50    
   1.18134890E+11   5988312.50    
   1.18134890E+11   5988312.50    
   1.18610764E+11   5983229.50    
   1.19515955E+11   5973594.00    
   1.30728878E+11   5963958.00    
   1.31640123E+11   5958875.00    
   1.31640123E+11   5958875.00    
   1.32555588E+11   5953792.00    
   1.34302261E+11   5944156.00    
   1.36063918E+11   5934520.50    
   1.36999215E+11   5929437.50    
   1.36999215E+11   5929437.50    
   1.37938747E+11   5924354.50    
   1.39731386E+11   5914719.00    
   1.41538853E+11   5905083.00    
   1.42498595E+11   5900000.00    
