   3.84615385E-04   6371000.00    
   3.84615385E-04   6365917.00    
   3.84615385E-04   6356281.00    
   3.44827597E-04   6346645.50    
   2.95840437E-04   6341562.50    
   2.95840437E-04   6341562.50    
   2.95888778E-04   6336479.50    
   2.95980484E-04   6326844.00    
   2.96072249E-04   6317208.00    
   2.96120706E-04   6312125.00    
   2.96120706E-04   6312125.00    
   2.96169135E-04   6307042.00    
   2.96261016E-04   6297406.00    
   2.96352984E-04   6287770.50    
   2.96401500E-04   6282687.50    
   2.96401500E-04   6282687.50    
   2.96450045E-04   6277604.50    
   2.96542072E-04   6267969.00    
   2.96634214E-04   6258333.00    
   2.96682847E-04   6253250.00    
   2.96682847E-04   6253250.00    
   2.96731450E-04   6248167.00    
   2.96823680E-04   6238531.00    
   2.96915998E-04   6228895.50    
   2.96964718E-04   6223812.50    
   2.96964718E-04   6223812.50    
   2.97013408E-04   6218729.50    
   2.97105842E-04   6209094.00    
   2.97198305E-04   6199458.00    
   2.97247112E-04   6194375.00    
   2.97247112E-04   6194375.00    
   2.97295919E-04   6189292.00    
   2.97388498E-04   6179656.00    
   2.97481165E-04   6170020.50    
   2.97530030E-04   6164937.50    
   2.97530030E-04   6164937.50    
   2.97578954E-04   6159854.50    
   2.91015633E-04   6150219.00    
   2.90529133E-04   6140583.00    
   2.90273136E-04   6135500.00    
   2.90273136E-04   6135500.00    
   2.90017604E-04   6130417.00    
   2.89534451E-04   6120781.00    
   2.89052899E-04   6111145.50    
   2.88799492E-04   6106062.50    
   2.88799492E-04   6106062.50    
   2.88546551E-04   6100979.50    
   2.88068288E-04   6091344.00    
   2.87591567E-04   6081708.00    
   2.87340750E-04   6076625.00    
   2.87340750E-04   6076625.00    
   2.87090370E-04   6071542.00    
   2.86616851E-04   6061906.00    
   2.86144961E-04   6052270.50    
   2.85896647E-04   6047187.50    
   2.85896647E-04   6047187.50    
   2.85648770E-04   6042104.50    
   2.85180053E-04   6032469.00    
   2.84712820E-04   6022833.00    
   2.84466980E-04   6017750.00    
   2.84466980E-04   6017750.00    
   2.84221576E-04   6012667.00    
   2.83757516E-04   6003031.00    
   2.83294969E-04   5993395.50    
   2.83051544E-04   5988312.50    
   2.83051544E-04   5988312.50    
   2.82808585E-04   5983229.50    
   2.82349152E-04   5973594.00    
   2.67908181E-04   5963958.00    
   2.67449126E-04   5958875.00    
   2.67449126E-04   5958875.00    
   2.66991672E-04   5953792.00    
   2.66128744E-04   5944156.00    
   2.65271374E-04   5934520.50    
   2.64821341E-04   5929437.50    
   2.64821341E-04   5929437.50    
   2.64372822E-04   5924354.50    
   2.63526716E-04   5914719.00    
   2.62686022E-04   5905083.00    
   2.62244692E-04   5900000.00    
