   2.66240000E+10   6371000.00    
   2.66240000E+10   6365917.00    
   2.66240000E+10   6356281.00    
   4.41090007E+10   6346645.50    
   6.81194004E+10   6341562.50    
   6.81194004E+10   6341562.50    
   6.80514273E+10   6336479.50    
   6.79227064E+10   6326844.00    
   6.77941330E+10   6317208.00    
   6.77263729E+10   6312125.00    
   6.77263729E+10   6312125.00    
   6.76586619E+10   6307042.00    
   6.75303956E+10   6297406.00    
   6.74022851E+10   6287770.50    
   6.73347502E+10   6282687.50    
   6.73347502E+10   6282687.50    
   6.72672809E+10   6277604.50    
   6.71394734E+10   6267969.00    
   6.70118257E+10   6258333.00    
   6.69445612E+10   6253250.00    
   6.69445612E+10   6253250.00    
   6.68773253E+10   6248167.00    
   6.67499889E+10   6238531.00    
   6.66228040E+10   6228895.50    
   6.65557565E+10   6223812.50    
   6.65557565E+10   6223812.50    
   6.64887828E+10   6218729.50    
   6.63619092E+10   6209094.00    
   6.62351831E+10   6199458.00    
   6.61684101E+10   6194375.00    
   6.61684101E+10   6194375.00    
   6.61016617E+10   6189292.00    
   6.59752346E+10   6179656.00    
   6.58489836E+10   6170020.50    
   6.57824195E+10   6164937.50    
   6.57824195E+10   6164937.50    
   6.57159291E+10   6159854.50    
   7.41227725E+10   6150219.00    
   7.44627241E+10   6140583.00    
   7.46424484E+10   6135500.00    
   7.46424484E+10   6135500.00    
   7.48224840E+10   6130417.00    
   7.51645327E+10   6120781.00    
   7.55076383E+10   6111145.50    
   7.56890419E+10   6106062.50    
   7.56890419E+10   6106062.50    
   7.58707487E+10   6100979.50    
   7.62159677E+10   6091344.00    
   7.65622600E+10   6081708.00    
   7.67453348E+10   6076625.00    
   7.67453348E+10   6076625.00    
   7.69287209E+10   6071542.00    
   7.72771676E+10   6061906.00    
   7.76266301E+10   6052270.50    
   7.78114089E+10   6047187.50    
   7.78114089E+10   6047187.50    
   7.79964744E+10   6042104.50    
   7.83481160E+10   6032469.00    
   7.87008061E+10   6022833.00    
   7.88872806E+10   6017750.00    
   7.88872806E+10   6017750.00    
   7.90740337E+10   6012667.00    
   7.94289193E+10   6003031.00    
   7.97848207E+10   5993395.50    
   7.99730237E+10   5988312.50    
   7.99730237E+10   5988312.50    
   8.01614971E+10   5983229.50    
   8.05195694E+10   5973594.00    
   9.15705692E+10   5963958.00    
   9.22778337E+10   5958875.00    
   9.22778337E+10   5958875.00    
   9.29885553E+10   5953792.00    
   9.43456502E+10   5944156.00    
   9.57154755E+10   5934520.50    
   9.64433019E+10   5929437.50    
   9.64433019E+10   5929437.50    
   9.71746427E+10   5924354.50    
   9.85708954E+10   5914719.00    
   9.99801897E+10   5905083.00    
   1.00728799E+11   5900000.00    
