   0.00000000       6371000.00    
   0.00000000       6365917.00    
   0.00000000       6356281.00    
   0.00000000       6346645.50    
   0.00000000       6341562.50    
   0.00000000       6341562.50    
   0.00000000       6336479.50    
   0.00000000       6326844.00    
   0.00000000       6317208.00    
   0.00000000       6312125.00    
   0.00000000       6312125.00    
   0.00000000       6307042.00    
   0.00000000       6297406.00    
   0.00000000       6287770.50    
   0.00000000       6282687.50    
   0.00000000       6282687.50    
   0.00000000       6277604.50    
   0.00000000       6267969.00    
   0.00000000       6258333.00    
   0.00000000       6253250.00    
   0.00000000       6253250.00    
   0.00000000       6248167.00    
   0.00000000       6238531.00    
   0.00000000       6228895.50    
   0.00000000       6223812.50    
   0.00000000       6223812.50    
   0.00000000       6218729.50    
   0.00000000       6209094.00    
   0.00000000       6199458.00    
   0.00000000       6194375.00    
   0.00000000       6194375.00    
   0.00000000       6189292.00    
   0.00000000       6179656.00    
   0.00000000       6170020.50    
   0.00000000       6164937.50    
   0.00000000       6164937.50    
   0.00000000       6159854.50    
   0.00000000       6150219.00    
   0.00000000       6140583.00    
   0.00000000       6135500.00    
   0.00000000       6135500.00    
   0.00000000       6130417.00    
   0.00000000       6120781.00    
   0.00000000       6111145.50    
   0.00000000       6106062.50    
   0.00000000       6106062.50    
   0.00000000       6100979.50    
   0.00000000       6091344.00    
   0.00000000       6081708.00    
   0.00000000       6076625.00    
   0.00000000       6076625.00    
   0.00000000       6071542.00    
   0.00000000       6061906.00    
   0.00000000       6052270.50    
   0.00000000       6047187.50    
   0.00000000       6047187.50    
   0.00000000       6042104.50    
   0.00000000       6032469.00    
   0.00000000       6022833.00    
   0.00000000       6017750.00    
   0.00000000       6017750.00    
   0.00000000       6012667.00    
   0.00000000       6003031.00    
   0.00000000       5993395.50    
   0.00000000       5988312.50    
   0.00000000       5988312.50    
   0.00000000       5983229.50    
   0.00000000       5973594.00    
   0.00000000       5963958.00    
   0.00000000       5958875.00    
   0.00000000       5958875.00    
   0.00000000       5953792.00    
   0.00000000       5944156.00    
   0.00000000       5934520.50    
   0.00000000       5929437.50    
   0.00000000       5929437.50    
   0.00000000       5924354.50    
   0.00000000       5914719.00    
   0.00000000       5905083.00    
   0.00000000       5900000.00    
